tests/original/elevation.asc
ncols         583
nrows         339
xllcorner     -86.790033307611
yllcorner     39.265026031275
cellsize      9.2592593e-005
NODATA_value  -9999
[rows 145 to 173 of 339, columns 260 to 324 of 583]
170.7502 170.582 170.4924 170.3821 170.298 170.1621 170.1438 170.0303 170.1909 170.0158 170.0456 169.9353 169.607 169.7912 169.7389 169.889 170.1482 170.1158 170.0168 169.8807 169.7048 169.5853 169.4649 168.9615 168.6358 169.0283 169.2087 169.3238 169.3709 169.4147 169.0489 169.0473 168.9138 168.925 168.9376 168.6376 168.5065 168.4896 168.4725 168.376 168.288 168.1256 168.2203 168.3452 168.272 168.15 168.1849 168.223 168.1997 167.9615 167.8559 168.0809 168.0519 168.0201 167.9434 168.0096 168.1438 167.8947 167.9634 167.9297 168.0688 167.9233 167.8887 168.0102 168.0608
170.5781 170.3194 170.0745 169.9512 169.8872 169.9427 170.0556 169.7035 169.8054 169.8057 170.0159 169.6411 169.4906 169.6083 169.6327 169.6489 169.7903 169.8958 169.7311 169.542 169.5384 169.4639 169.4584 168.8428 168.5421 168.9192 169.2782 169.2748 168.897 168.9305 168.9844 168.7217 168.6893 168.7313 168.7456 168.6027 168.3221 168.4143 168.3908 168.4747 168.4614 168.4058 168.2109 168.2997 168.1589 168.1606 168.2132 168.329 168.2211 167.7977 167.7306 168.2167 168.3579 168.2083 168.2432 168.1136 168.1547 168.2405 168.0596 168.0884 168.0514 167.9416 167.8943 168.0044 168.228
170.3013 170.0226 169.9829 169.84 169.7517 169.9047 169.928 169.6645 169.7416 169.8553 169.8784 169.6604 169.3775 169.6008 169.633 169.545 169.5729 169.5533 169.5012 169.3641 169.4867 169.5195 169.4299 168.7395 168.4812 168.8641 169.3174 169.2734 168.8884 168.7944 168.892 168.602 168.6031 168.5691 168.5908 168.5033 168.2936 168.2111 168.2503 168.3915 168.4923 168.4098 168.2649 168.2535 168.2072 168.1949 168.2065 168.2319 168.0912 167.7224 167.7813 168.0217 168.2195 168.3379 168.3299 168.2603 168.19 168.1222 168.1193 168.0303 167.9505 167.9525 167.7215 167.8298 167.871
170.0467 169.857 169.7718 169.6967 169.6172 169.6302 169.663 169.6113 169.7425 169.7335 169.6756 169.5648 169.2641 169.3637 169.4273 169.4733 169.4081 169.5 169.2295 169.1329 169.136 169.3044 169.4063 168.7498 168.4205 168.6766 169.0838 169.0849 168.8638 168.6845 168.8368 168.8128 168.7031 168.6103 168.5553 168.493 168.1697 168.1708 168.2325 168.3069 168.2428 168.1546 167.9775 167.9128 167.8987 167.7952 167.9857 168.2718 168.3781 167.7155 167.7033 168.3148 168.2782 168.2584 168.1848 168.1874 168.0539 168.2406 168.145 168.072 168.0546 167.8396 167.6513 167.759 167.7377
169.9164 169.6797 169.5614 169.4713 169.6884 169.6641 169.5713 169.496 169.523 169.5454 169.5552 169.5425 169.0803 169.4636 169.4438 169.4384 169.2994 169.1604 169.1646 169.0561 169.0254 169.1837 169.1965 168.4807 168.3939 168.6489 168.9886 168.95 168.8966 168.8295 168.7938 168.7972 168.7003 168.5226 168.563 168.4935 168.0929 168.0869 168.1131 168.1485 168.0245 167.8502 167.4964 167.7037 167.8344 167.7821 167.9238 168.1795 168.2671 167.6045 167.699 168.1707 168.2494 168.0623 168.1045 168.0666 167.9747 167.8226 167.8944 167.9702 167.9977 167.7738 167.6308 167.6771 167.6951
169.73 169.5666 169.5321 169.4262 169.4174 169.476 169.4953 169.4621 169.4 169.3749 169.4887 169.4117 169.0155 169.2127 169.2535 169.2641 169.0706 168.9915 169.0003 168.9062 168.9072 168.8785 168.8685 168.5185 168.287 168.513 168.7591 168.8503 168.7624 168.7107 168.6366 168.6426 168.2791 168.2442 168.3527 168.1824 167.9938 167.9657 168.0182 168.1629 168.0737 167.8463 167.6573 167.6811 167.9312 167.9733 168.049 168.0448 168.0218 167.6637 167.6298 168.1304 168.1886 168.1632 167.982 167.8331 167.8759 167.8036 167.747 168.0163 168.0349 167.736 167.5493 167.6067 167.5895
169.6896 169.6623 169.5903 169.4084 169.463 169.5579 169.4945 169.467 169.3944 169.2439 169.2763 169.3828 168.9397 169.1532 169.1994 169.1927 168.9233 168.9572 168.8105 168.7318 168.6963 168.8427 168.7315 168.4137 168.3043 168.4144 168.9211 168.6992 168.5358 168.4981 168.305 168.3328 168.1307 168.2368 168.2104 168.1666 167.9026 167.939 167.9449 168.1144 168.1626 167.9763 167.9011 167.7747 167.8875 167.8641 167.8705 167.9942 168.0233 167.6501 167.6285 168.0855 168.1871 167.9564 167.8044 167.7374 167.743 167.7957 167.81 167.8087 167.8654 167.6422 167.5347 167.5632 167.557
169.5907 169.658 169.7011 169.4883 169.3949 169.397 169.4501 169.3181 169.217 169.0149 169.0965 169.0095 168.9062 168.8981 168.8017 168.7821 168.7218 168.7472 168.5643 168.4978 168.5018 168.4357 168.3705 168.3109 168.1851 168.1246 168.1276 168.0734 167.9731 168.0614 167.9768 167.8319 167.8719 167.862 167.8019 167.7715 167.7104 167.7592 167.754 167.79 167.778 167.7405 167.7547 167.7401 167.7379 167.7973 167.7718 167.7186 167.7035 167.7501 167.6478 167.6565 167.6376 167.664 167.6439 167.6352 167.5796 167.5441 167.5198 167.463 167.3986 167.4217 167.4935 167.485 167.4877
169.6525 169.6974 169.5802 169.4041 169.375 169.4155 169.4796 169.354 169.0989 169.0595 168.9243 168.9145 168.806 168.7869 168.7398 168.7009 168.6065 168.5668 168.465 168.4856 168.492 168.4314 168.385 168.2644 168.1983 168.0373 168.1162 168.0135 167.9142 168.0009 167.9223 167.9315 167.8195 167.8247 167.7244 167.702 167.7112 167.7208 167.7834 167.8273 167.7619 167.7426 167.7444 167.7365 167.713 167.7489 167.6899 167.6959 167.67 167.6201 167.6087 167.7026 167.6875 167.6531 167.6248 167.621 167.5282 167.539 167.4919 167.5061 167.4101 167.4413 167.4476 167.3984 167.3461
169.6963 169.5344 169.3789 169.2711 169.2181 169.2137 169.3868 169.3584 169.0532 169.072 168.9833 168.8471 168.5944 168.6959 168.6654 168.5948 168.5331 168.4006 168.526 168.5988 168.5216 168.5875 168.5373 168.3607 167.9857 168.0804 168.0666 167.9432 168.0444 167.988 167.6828 167.7837 167.6712 167.782 167.8051 167.8241 167.7697 167.6826 167.8249 168.0309 168.1622 168.0774 168.0629 168.0934 167.9889 168.0305 168.1406 168.1626 168.1967 167.4818 167.2639 167.7324 167.7814 167.8193 167.661 167.7184 167.5616 167.5792 167.5412 167.5768 167.499 167.4478 167.3113 167.3469 167.6494
169.6476 169.6188 169.393 169.2818 169.2691 169.3559 169.3969 169.0276 168.9224 169.0175 168.9724 168.7429 168.4153 168.4702 168.5579 168.5706 168.4403 168.3938 168.4951 168.5289 168.3501 168.3955 168.2963 168.1102 167.8107 167.9048 167.6714 167.6444 167.5955 167.5829 167.5921 167.4513 167.4338 167.4129 167.5071 167.702 167.7217 167.6206 167.7556 167.9306 167.8021 168.1528 167.95 168.0998 168.0814 168.0253 168.0101 167.9446 167.7752 167.4623 167.3535 167.6887 167.6322 167.5724 167.5223 167.3985 167.4351 167.554 167.4837 167.4834 167.4671 167.3659 167.3461 167.3104 167.4591
169.4438 169.4528 169.2374 169.1468 169.1371 169.2236 169.177 168.9379 168.7996 168.87 168.7415 168.6084 168.2299 168.2639 168.2531 168.4095 168.1501 168.1777 168.4061 168.2867 168.1013 168.0011 167.8935 167.8223 167.7185 167.6832 167.4702 167.4426 167.4285 167.4221 167.3677 167.47 167.4119 167.4614 167.5593 167.6481 167.7988 167.6965 167.7464 167.9405 168.128 168.1646 168.0451 168.1437 167.9162 167.8581 167.8458 167.7881 167.9264 167.4477 167.3339 167.5925 167.6111 167.5827 167.4035 167.2183 167.2089 167.336 167.3916 167.5673 167.6048 167.489 167.2437 167.2807 167.5799
167.9358 168.5106 168.8016 168.7048 168.832 168.7188 168.7849 168.7141 168.5746 168.5289 168.4774 168.4046 168.0983 168.0822 168.098 168.1186 168.1279 168.2286 168.3078 168.0569 168.0513 167.8901 167.8273 167.6996 167.5387 167.5066 167.3617 167.3072 167.4012 167.4008 167.3834 167.4707 167.5601 167.6407 167.7761 167.8183 167.846 167.7115 167.7056 168.0371 168.1208 168.2881 168.1853 168.1211 167.98 167.9091 167.8193 167.8471 167.8088 167.3897 167.247 167.5308 167.6192 167.6355 167.3306 167.2215 167.0587 167.0553 167.0445 167.4624 167.4377 167.3219 167.2607 167.1405 167.4217
165.9346 166.8121 167.2585 167.8122 168.1304 168.349 168.4938 168.5062 168.2491 168.1537 168.0473 167.9949 167.866 168.0201 168.2691 168.3171 168.287 168.2128 168.1922 168.0573 167.9137 167.7382 167.6122 167.4644 167.3732 167.3728 167.2165 167.2467 167.0709 167.1941 167.3151 167.3932 167.6929 167.8475 167.888 167.9426 167.9052 167.7961 167.7187 167.9557 168.1663 168.0915 168.0886 168.1456 167.9845 167.9096 167.7765 167.7266 167.5669 167.2607 167.1655 167.5102 167.5416 167.3739 167.2415 167.1537 167.0439 166.8357 166.9429 167.1705 167.4201 167.4362 167.1581 167.2327 167.6455
165.2545 165.3441 165.5328 165.7138 165.9605 166.1895 166.4424 167.0763 167.712 168.0374 167.9565 167.7516 167.6071 168.0261 168.2114 168.251 168.1708 168.0469 167.9549 167.7702 167.5956 167.4769 167.4422 167.4071 167.2114 167.1478 167.1299 167.1254 167.0665 167.1631 167.3797 167.6016 167.8018 167.979 168.087 168.0581 167.9133 167.993 167.8089 168.0467 168.1669 168.2318 167.9633 167.9614 167.8137 167.8452 167.861 167.682 167.5277 167.2317 167.1205 167.4833 167.4445 167.3311 167.0951 166.9863 166.9647 166.7466 166.85 167.3561 167.4927 167.4025 167.0755 167.1471 167.8933
165.4622 165.4145 165.4214 165.4476 165.4783 165.4514 165.5306 165.591 165.7559 166.098 166.894 167.3864 167.1587 167.4959 167.5466 167.5907 167.8465 167.7451 167.6367 167.4287 167.3594 167.3237 167.2863 167.1266 166.9977 167.032 167.2622 167.2185 167.2096 167.3169 167.4376 167.8771 168.2213 168.2645 168.2423 168.3183 168.0758 168.1862 167.7565 167.9997 167.8634 168.015 167.9925 167.7751 167.6054 167.6676 167.5896 167.555 167.5224 167.247 167.1518 167.4417 167.5494 167.4695 167.1814 166.9858 166.916 166.868 166.9842 166.9496 167.4835 167.4043 167.0645 167.1957 168.0308
165.6545 165.6237 165.505 165.4339 165.4608 165.4812 165.5083 165.4794 165.5023 165.6595 166.1964 166.5856 166.6923 166.9913 167.0664 167.3316 167.4232 167.5061 167.2247 166.9271 166.959 166.9195 166.88 166.9352 166.7936 166.8677 167.433 167.634 167.5686 167.8213 168.0425 168.063 168.2239 168.3197 168.3537 168.3204 168.5759 168.4084 168.1418 167.8726 167.8479 167.812 167.7142 167.5359 167.3988 167.4956 167.4191 167.3448 167.3953 167.1972 167.2176 167.4425 167.5486 167.2243 167.3305 167.0731 166.9355 167.2049 167.1168 167.0118 167.2795 167.4358 167.0569 167.102 168.1206
166.0933 166.245 165.9409 165.7707 165.7743 165.8859 165.79 165.8663 165.9211 165.5507 165.7037 166.2006 166.4698 166.4116 166.6533 166.7081 166.7435 166.6933 166.54 166.5363 166.5502 166.6857 166.6612 166.7219 166.6043 166.7543 167.0192 167.3323 167.3662 167.646 167.6774 167.9799 168.2795 168.5114 168.7565 169.0095 168.7934 168.6866 168.4857 168.3277 167.8714 167.78 167.7093 167.5629 167.345 167.2782 167.2759 167.2434 167.196 167.2307 167.2817 167.2599 167.2473 167.2163 167.1947 167.121 167.0261 167.1068 167.1529 167.1982 167.2323 167.214 167.1247 167.1912 167.5882
166.0408 166.2177 166.252 165.9867 166.0117 165.9297 165.8444 165.9774 165.8212 165.8502 165.6992 165.8293 166.1994 166.2077 166.1864 166.2445 166.2304 166.2686 166.3248 166.4006 166.4533 166.5385 166.5634 166.5137 166.3952 166.5278 166.5662 166.7039 166.9229 167.1655 167.5173 167.8169 168.1763 168.4979 168.7089 168.9618 169.1145 168.9859 168.7652 168.4395 168.0831 167.746 167.6484 167.5481 167.4353 167.325 167.3842 167.3302 167.2375 166.6799 166.5446 166.6086 166.4288 166.3865 166.3377 166.345 166.4371 166.4276 166.5161 166.5269 166.6958 166.8084 166.2015 166.6232 166.8329
165.9377 166.05 166.344 166.3542 165.9452 166.0508 165.7628 165.6285 165.9665 165.9823 166.0405 166.2114 166.0454 166.1149 166.1016 166.2452 166.2744 166.1836 166.1424 166.254 166.36 166.3702 166.1726 166.071 166.1908 166.0901 166.2723 166.2415 166.3265 166.3355 166.27 166.3366 166.4725 166.5294 166.5152 166.7355 168.2159 169.2645 169.1692 168.6329 167.8015 167.7053 167.7123 167.6115 167.5734 167.5117 167.3712 166.83 166.5803 165.889 166.4509 166.3517 166.3532 166.2245 166.1626 166.1326 166.1367 166.0845 166.0846 166.1324 166.3288 166.3905 166.3498 165.8518 166.3121
166.4777 166.3851 166.5148 166.4622 166.2776 166.4134 166.1229 165.6781 165.9248 166.1327 165.967 166.1891 166.4407 166.2785 166.1981 166.1137 166.0963 166.1033 166.0525 166.0374 165.9575 165.9049 166.1006 166.0836 166.1402 166.1164 166.087 166.083 166.0699 166.1125 166.1551 166.1526 166.2439 166.3379 166.2473 166.3939 167.4192 169.3768 169.4724 168.6185 167.257 167.4709 167.579 167.7596 167.8024 167.472 166.4175 166.2778 166.1803 166.3165 166.3251 166.336 166.3307 166.2679 166.2521 166.176 166.1258 166.1174 166.0186 166.1337 166.1985 166.21 166.2092 166.1192 166.0653
166.4379 166.8833 166.6784 165.5923 165.2515 165.1104 165.1866 165.8954 165.7259 165.7159 166.0529 166.1293 166.234 166.2828 165.66 165.3602 165.4159 165.707 165.8558 166.035 165.6182 166.181 166.1204 166.2309 166.1358 166.3088 166.2496 166.201 166.1295 166.2558 166.2494 166.2912 166.2088 166.3189 166.3712 166.369 166.3008 166.2448 166.4271 166.4113 166.567 167.1459 167.4272 167.6504 167.6215 166.5453 166.2669 165.844 166.1343 166.2733 166.2782 166.2726 166.3094 166.3652 166.3325 166.2762 166.2441 166.2129 166.2379 166.1786 166.1623 166.0792 166.047 166.0163 165.9899
162.14 162.14 162.14 162.14 162.14 162.14 162.14 162.14 162.15 162.15 162.15 162.15 162.15 162.15 162.15 162.15 162.15 162.16 162.16 162.16 162.16 162.16 162.1683 162.3592 162.2112 162.8774 162.9465 163.0071 163.99 164.4238 165.0881 165.2661 166.149 166.1466 166.1427 166.2335 165.7791 165.8916 165.9291 165.8928 166.0293 166.3042 166.8004 167.2243 167.2185 166.0898 165.3712 165.868 166.2224 166.4896 166.4503 166.5075 166.4397 166.362 166.449 166.4118 166.5436 166.4939 166.3244 166.2478 166.2022 166.0686 165.9749 165.7892 165.9869
162.14 162.14 162.14 162.14 162.14 162.14 162.14 162.14 162.1458 162.15 162.15 162.15 162.15 162.15 162.15 162.15 162.1552 162.16 162.16 162.16 162.16 162.16 162.16 162.16 162.16 162.16 162.16 162.17 162.17 162.17 162.17 162.17 162.17 162.17 162.1873 162.6231 164.1209 163.7748 164.381 164.9523 165.5617 165.7347 166.2008 166.5734 166.4144 165.492 163.6657 165.2275 165.2444 165.2805 165.4183 165.576 165.7609 165.8616 166.444 166.5959 166.7268 166.6263 166.4543 166.3766 166.2493 166.2841 166.056 166.0605 165.9143
162.14 162.14 162.14 162.14 162.14 162.14 162.14 162.14 162.14 162.15 162.15 162.15 162.15 162.15 162.15 162.15 162.16 162.16 162.16 162.16 162.16 162.16 162.16 162.16 162.16 162.16 162.16 162.17 162.17 162.17 162.17 162.17 162.17 162.17 162.17 162.17 162.18 162.18 162.18 162.1968 162.4994 164.3089 165.2086 165.4929 165.608 164.9699 163.9471 164.121 163.6331 164.0041 163.9353 163.9982 163.9735 163.9764 164.1211 164.1631 164.6851 164.771 164.8734 165.4278 166.0814 166.0834 165.2708 166.3651 166.4129
162.14 162.14 162.14 162.14 162.14 162.14 162.14 162.14 162.14 162.15 162.15 162.15 162.15 162.15 162.15 162.15 162.16 162.16 162.16 162.16 162.16 162.16 162.16 162.16 162.16 162.16 162.1648 162.17 162.17 162.17 162.17 162.17 162.17 162.17 162.17 162.1764 162.18 162.18 162.18 162.18 162.18 162.18 162.18 162.2278 162.4606 164.0886 162.5319 165.2178 165.2455 164.6483 164.3361 164.1315 163.9838 163.8916 163.8157 163.725 163.7865 163.6685 163.6504 163.7964 163.9835 164.1496 165.4509 166.0102 166.2602
162.13 162.1367 162.14 162.14 162.14 162.14 162.14 162.14 162.14 162.15 162.15 162.15 162.15 162.15 162.15 162.15 162.16 162.16 162.16 162.16 162.16 162.16 162.16 162.16 162.16 162.16 162.1649 162.17 162.17 162.17 162.17 162.17 162.17 162.17 162.17 162.18 162.18 162.18 162.18 162.18 162.18 162.18 162.18 162.19 162.19 162.19 162.19 162.2853 163.7703 165.2647 165.4152 164.8879 164.5522 164.3782 164.2264 164.1292 163.9612 163.808 163.7383 163.718 163.873 164.6307 165.3759 165.8943 166.2725
162.13 162.13 162.14 162.14 162.14 162.14 162.14 162.14 162.14 162.15 162.15 162.15 162.15 162.15 162.15 162.15 162.16 162.16 162.16 162.16 162.16 162.16 162.16 162.16 162.16 162.16 162.17 162.17 162.17 162.17 162.17 162.17 162.17 162.17 162.17 162.1715 162.18 162.18 162.18 162.18 162.18 162.18 162.1839 162.19 162.19 162.19 162.19 162.19 162.19 162.19 162.22 163.1402 165.2013 165.6094 165.6842 165.546 165.211 164.653 164.3337 164.1705 164.1476 164.5136 165.1026 165.7004 165.9402
162.13 162.13 162.13 162.14 162.14 162.14 162.14 162.14 162.1464 162.15 162.15 162.15 162.15 162.15 162.15 162.15 162.16 162.16 162.16 162.16 162.16 162.16 162.16 162.16 162.16 162.16 162.17 162.17 162.17 162.17 162.17 162.17 162.17 162.17 162.17 162.17 162.1745 162.18 162.18 162.18 162.18 162.18 162.19 162.19 162.19 162.19 162.19 162.19 162.19 162.19 162.19 162.1976 162.2 162.2709 163.1284 165.4392 165.7953 166.1264 165.815 165.4347 164.9685 164.8426 165.2206 165.5057 165.644
