tests/original/elevation.asc
ncols         583
nrows         339
xllcorner     -86.790033307611
yllcorner     39.265026031275
cellsize      9.2592593e-005
NODATA_value  -9999
[rows 203 to 231 of 339, columns 260 to 324 of 583]
164.6545 164.6662 164.6318 164.603 164.671 164.6585 164.6153 164.6218 164.598 164.6304 164.6838 164.6803 164.8284 164.8654 164.9508 164.8715 164.9151 165.0392 165.1527 165.2996 165.2847 165.202 165.2309 165.1692 165.2411 165.3523 165.3192 165.3731 165.3102 165.282 165.2973 165.3497 165.4261 165.4984 165.4303 165.3927 165.3305 165.388 165.4463 165.5058 165.657 165.7902 166.0287 166.8831 167.9114 167.7271 166.6017 166.11 165.7042 165.4317 165.2553 165.2103 165.1863 165.2177 164.9864 164.9694 165.2977 165.4315 165.5175 165.8598 166.3656 166.7022 167.1541 167.4227 167.825
164.6507 164.636 164.6175 164.6826 164.7403 164.691 164.7445 164.8242 164.8046 164.8725 165.0269 165.0621 165.2307 165.3264 165.2701 165.1794 165.131 165.3246 165.2851 165.3495 165.3072 165.2839 165.3042 165.2779 165.2783 165.3362 165.3187 165.356 165.3428 165.4355 165.4243 165.5256 165.5762 165.709 165.6969 165.7317 165.8581 165.9912 165.8645 165.8928 166.2083 166.3868 166.5918 167.0063 168.1102 168.025 166.8624 166.5394 166.2538 166.1903 166.2484 166.4262 166.3216 166.4383 166.6344 166.9681 167.2206 167.5737 167.8419 168.3411 168.5825 168.7163 168.5907 168.6725 168.5351
164.8297 164.8321 164.817 164.8811 165.0632 165.1294 165.1353 165.2096 165.259 165.2623 165.3296 165.3813 165.4284 165.427 165.3649 165.2566 165.2542 165.2919 165.2678 165.3389 165.3174 165.2746 165.3024 165.3597 165.3565 165.5176 165.5603 165.6273 165.6744 165.7607 165.8464 165.8921 165.9098 165.8413 165.9403 165.9751 166.1282 166.2057 166.0111 166.3699 166.4771 167.0313 167.2632 167.7443 168.402 168.3313 167.8444 167.4464 167.5112 167.7805 168.2561 168.3049 168.5024 168.6843 168.7724 168.6375 168.5936 168.6912 168.7365 168.7462 168.9091 168.9287 168.8174 168.8735 168.8062
165.1859 165.1956 165.1418 165.2528 165.3845 165.3828 165.4031 165.3786 165.357 165.3756 165.3979 165.4196 165.4896 165.5174 165.4412 165.3018 165.351 165.3834 165.3978 165.5001 165.5303 165.5098 165.5393 165.589 165.7133 165.861 166.0603 166.0801 166.1179 166.1971 166.2218 166.1872 166.0749 165.9987 165.994 166.1794 166.3752 166.4635 166.6778 166.8873 166.9431 167.3641 167.5875 167.7901 168.6791 168.6985 168.5651 168.8362 168.8957 168.8309 168.8767 168.8967 168.7601 168.7061 168.7045 168.7432 168.8478 168.8703 168.8476 168.824 168.9141 169.0729 169.1344 169.1495 169.3645
165.2859 165.3117 165.2845 165.3355 165.4615 165.4396 165.4986 165.5286 165.525 165.5624 165.5816 165.6514 165.7611 165.7837 165.7354 165.5567 165.4958 165.675 165.7567 165.8455 165.8474 165.8816 165.9587 165.9707 166.1017 166.2889 166.3873 166.3651 166.309 166.2894 166.1892 166.1367 166.0745 166.0632 166.0589 166.3987 166.59 166.8877 167.0256 167.1671 167.4289 167.6538 167.918 168.1143 168.9837 169.0804 168.8621 169.0051 168.9004 168.9298 168.9506 168.9879 168.8347 168.7169 168.7915 168.7881 168.8332 168.7999 168.8668 168.9926 169.1741 169.3811 169.4906 169.4471 170.3172
165.4201 165.3922 165.3817 165.4561 165.5892 165.605 165.6357 165.7072 165.7942 165.8079 165.972 166.0865 166.1283 166.1319 166.0888 165.809 165.6951 165.9584 166.0432 166.0839 166.1248 166.1004 166.1046 166.0849 166.1778 166.3052 166.3698 166.2948 166.1566 166.1078 166.0878 166.0952 166.102 166.2012 166.2551 166.4719 166.7881 167.028 167.1623 167.3887 167.6806 168.1949 168.968 169.137 169.4108 169.5843 169.2478 169.1988 169.4096 169.1217 168.8771 168.8554 169.0005 168.9222 168.9427 168.9465 169.0569 169.0187 169.6125 170.6543 171.784 172.2608 173.3423 173.7298 173.6816
165.5233 165.5522 165.6003 165.6582 165.8217 165.9239 166.0222 166.0993 166.142 166.1702 166.1549 166.259 166.309 166.276 166.1282 165.8964 165.9101 166.0337 166.1091 166.1023 166.039 165.9543 166.0205 165.9709 166.0218 166.1539 166.1872 166.1385 166.1119 166.073 166.0705 166.0438 166.0895 166.2613 166.4389 166.7373 166.9922 167.1489 167.3935 167.8036 168.2648 168.8453 169.0603 169.3745 169.7532 170.0242 169.9413 169.7442 169.5807 169.5021 169.416 169.4413 169.4757 169.8371 170.4644 170.5519 171.5084 172.6447 173.8307 174.5178 173.7568 172.9573 173.2418 173.4417 176.4758
165.7728 165.7755 165.8594 165.9027 166.0953 166.1069 166.1665 166.2194 166.1481 166.1265 166.0789 166.0959 166.1522 166.1299 166.0157 165.8314 165.8757 165.9277 165.9151 165.957 165.9804 165.931 165.9599 165.9615 166.0431 166.1601 166.2289 166.2585 166.1293 166.1863 166.1792 166.2096 166.3163 166.4855 166.6767 166.9019 167.0923 167.3943 167.7289 168.4147 168.4722 169.0461 169.3203 169.5802 170.1368 170.4622 170.3838 170.2185 170.4125 170.5285 170.4343 170.4714 172.1168 173.0527 174.0808 175.0259 175.7034 176.2474 177.6228 177.7429 176.7458 177.5839 178.2535 179.4511 180.3013
166.0335 166.0319 166.1062 166.0536 166.1328 166.1546 166.1893 166.1953 166.1546 166.0884 166.0498 166.036 165.981 166.0066 165.9545 165.8352 165.8501 165.8937 165.9259 166.0379 166.1003 166.18 166.2208 166.2807 166.336 166.4213 166.5102 166.4096 166.4153 166.4684 166.5673 166.6814 166.9236 166.9895 167.1774 167.4068 167.6477 167.9314 168.2661 168.7031 169.1981 169.6024 170.1429 170.3544 170.7565 171.1359 170.7648 171.0179 171.1869 171.4792 170.8145 172.6515 174.4552 175.581 177.3952 178.2547 178.1369 178.2165 178.952 179.8369 181.059 181.5335 181.8929 182.4343 181.6536
166.3147 166.2899 166.3195 166.2774 166.3065 166.2679 166.3036 166.1955 166.2381 166.1263 166.0972 165.9992 166.0722 165.9529 165.9815 166.0093 166.0517 166.0772 166.137 166.2223 166.4238 166.5913 166.843 167.3367 167.9287 167.4788 167.4241 167.3598 167.5711 167.694 168.155 169.1792 168.5309 168.8181 169.4416 169.8551 170.6024 171.1472 171.5265 171.6737 171.7839 171.7533 172.2794 172.6178 172.2305 171.9033 171.3836 171.3981 171.4378 171.8901 172.7681 173.9884 175.4877 176.8954 178.9237 179.1914 178.875 179.7057 180.401 180.7635 181.8486 182.777 183.6226 184.0538 182.9149
166.3497 166.2744 166.2733 166.2812 166.1387 166.1425 166.0596 166.0293 165.9998 165.8903 165.8918 165.8438 165.8022 165.8642 165.9304 165.9671 166.0711 166.2202 166.3276 166.6122 166.7946 167.159 167.6152 168.1119 168.813 168.5191 168.5808 169.0471 169.8388 169.9518 170.7669 171.9057 172.6222 173.1957 174.0204 174.9322 175.7777 176.1947 176.8932 176.6619 176.6071 176.7595 176.7639 175.8757 174.2138 172.9808 172.2027 172.4003 172.6585 173.284 173.7082 174.5795 176.0658 177.3294 178.969 179.3668 179.0693 181.0592 181.8176 182.0456 182.7864 184.005 185.3407 186.5391 185.3389
166.3286 166.2822 166.3107 166.3572 166.2025 166.0135 165.8705 165.8584 165.8087 165.7653 165.7347 165.8082 165.8871 166.1249 166.5 166.5706 166.5003 166.9599 167.4623 168.0364 168.3517 169.2412 170.0359 170.0863 170.2949 171.7165 172.7627 172.6473 171.7708 174.0037 174.9671 175.0759 175.1926 176.7945 177.5617 178.677 179.1546 179.7447 179.9527 180.0752 179.8488 179.7591 179.5241 178.3929 175.9841 173.9827 174.2593 174.2563 174.4193 174.5906 174.9191 175.5324 176.266 177.2395 178.3041 179.4141 179.3291 181.404 182.2549 183.3197 184.2026 185.9676 187.6491 188.1587 188.2228
166.397 166.3698 166.4133 166.4533 166.2632 166.0744 165.9546 165.8503 165.8454 165.9284 166.0366 166.2041 166.5921 167.0608 167.5682 168.0794 169.7073 170.7129 170.6412 172.5013 173.55 173.7497 173.6367 172.6697 172.8335 174.1378 175.6555 175.6549 174.7997 175.6172 176.956 177.5306 177.1797 178.1977 179.7298 180.2389 180.8701 181.4532 181.6277 181.8351 181.8351 181.9875 181.2052 179.438 177.3951 174.9899 174.8878 174.8132 174.6924 174.903 175.1378 175.4283 175.9517 177.1011 178.0156 179.2631 180.0725 181.1266 182.3037 183.8359 186.4402 188.7943 188.6253 189.1392 189.0764
166.528 166.5004 166.4951 166.5674 166.4438 166.3663 166.524 166.4659 166.8104 166.7692 167.0183 167.1019 168.0171 169.0423 169.7377 171.3637 173.391 174.9006 175.7975 176.8583 176.4701 176.3032 175.264 173.5658 174.381 175.4209 176.2191 176.8983 177.1525 177.0441 178.0379 178.6598 179.1582 179.8256 180.7671 181.3167 182.2146 183.0216 183.8161 184.248 184.3909 183.211 181.1073 179.6197 178.4321 176.2292 176.0646 175.2637 175.3189 175.5529 176.0453 176.049 176.3376 177.0437 177.6603 178.3869 179.8763 180.947 182.382 184.3957 187.9007 188.9142 189.1696 189.2667 189.3189
166.6703 166.6281 166.7054 166.7566 166.815 166.9792 168.7759 167.8718 168.2898 168.8619 169.2985 170.5764 171.3268 171.9183 172.8987 174.5701 176.1876 177.3072 178.5639 178.8375 177.7032 177.02 176.2124 175.9475 175.9296 176.6891 177.4256 178.2649 178.9004 179.0704 179.75 180.1248 180.7622 181.6264 182.3315 183.1677 184.6018 186.1294 186.8151 186.5538 185.4029 182.5878 181.3029 180.2149 179.0582 177.4582 177.048 176.1581 176.2279 176.4329 176.5137 176.8006 177.1337 177.1328 178.1134 178.0359 179.7682 180.6808 182.2949 183.9369 185.312 188.0535 189.7491 189.2384 189.7208
166.854 166.8622 166.9481 167.1769 167.4823 167.9511 169.0567 171.2153 172.284 171.8158 171.9572 172.7909 174.2705 175.2361 175.6016 177.0455 178.7318 179.157 180.0352 180.9067 179.4276 178.5205 177.0878 175.9856 176.8425 178.0774 179.2195 179.9722 180.7146 180.8123 181.3291 182.0287 182.9133 184.0356 185.3292 187.2301 188.237 188.7351 188.6394 187.7491 185.815 183.2127 182.1921 181.1072 180.0278 178.5168 177.9634 177.0492 177.0999 177.5574 177.8041 177.6243 177.8607 177.8685 180.0299 181.9263 182.3909 182.8184 182.6868 183.0278 184.3453 188.0258 189.7099 189.2935 191.8972
167.1239 167.203 167.3912 167.7333 168.6207 169.0951 169.9198 171.7431 173.3601 173.9551 174.0689 174.5209 175.6564 177.1675 178.2969 179.4948 181.0729 181.7869 182.4731 182.5593 180.5656 178.7555 177.104 177.1675 178.3992 179.513 180.4 181.2623 182.3228 182.708 183.4873 184.08 185.2115 186.9275 187.8778 189.1583 189.1238 189.3083 188.9819 188.2714 186.073 184.497 183.4229 182.6364 180.1632 179.5871 179.782 178.5043 177.9041 179.4816 180.1169 178.6921 180.5928 182.0654 180.2568 182.0966 185.493 187.6876 187.6973 185.1744 183.8674 186.1528 189.7428 192.9252 196.68
167.37 167.591 167.9627 168.4768 169.7995 170.9539 171.0914 171.3116 172.3928 173.6119 174.7798 175.9467 177.1825 178.5798 180.1411 181.6052 183.0024 183.9876 183.932 182.9798 180.9245 179.5134 179.383 179.9742 180.3275 181.1157 181.9007 182.9967 183.8248 184.137 184.584 185.9701 186.8446 188.267 189.2198 189.454 189.4108 189.33 189.1671 188.8483 187.7657 185.662 184.7988 183.0625 181.1394 180.5394 180.5492 180.3609 179.0704 181.0506 182.2921 180.5919 182.5497 186.1232 184.6458 182.4382 184.413 187.4791 189.6697 188.8126 185.8351 185.2346 187.7391 191.0623 195.6327
167.6548 167.9863 168.4964 169.1292 170.9424 172.7736 173.4102 172.7452 172.9712 173.8084 175.1106 176.3202 177.6238 179.1167 180.699 182.4219 183.7226 184.151 183.7426 182.7493 181.1557 180.7696 181.5991 182.4688 182.208 182.974 183.5712 185.2245 186.3614 186.5455 186.7375 187.6928 187.8901 188.4924 188.5224 188.7614 189.0144 189.1359 189.1835 188.99 188.7274 187.8646 185.6228 182.7448 182.2048 182.1817 182.6539 182.0445 180.4001 181.774 183.8417 182.1395 182.9711 188.1965 189.2518 186.8867 185.9565 186.767 190.1323 192.8997 191.35 188.4461 190.7206 190.3537 192.2736
167.9195 168.1893 168.8107 169.5767 170.9746 172.683 173.3213 173.1391 173.5393 174.3837 175.5346 176.5418 177.9672 179.2649 181.0814 182.8517 183.741 183.5248 183.1635 182.7858 182.3851 182.5215 183.3657 184.3104 185.1739 186.0889 186.5619 186.7318 187.3345 187.2344 187.0956 186.9858 186.7829 187.0653 186.8445 187.3589 188.2638 188.6345 188.823 188.8402 188.785 188.3399 185.6369 183.9792 183.3292 184.8067 184.4628 183.2024 181.7738 183.3784 185.4464 185.8722 183.5437 186.05 190.4904 191.5297 190.5941 189.0669 191.7972 194.8767 194.8754 192.0828 194.9228 195.9471 196.9777
168.204 168.4974 168.996 169.6651 171.039 172.2796 172.6208 173.0341 173.7233 174.6135 175.5703 176.705 177.8741 179.255 180.9926 182.7721 183.1525 182.798 182.8291 182.8064 182.7115 183.0014 183.6273 184.374 185.4502 185.9729 186.2874 186.4137 185.7006 185.7822 185.8217 185.6416 185.0778 184.4781 185.0426 186.1074 186.8917 187.4816 187.7851 188.1473 188.6141 188.0589 185.3656 185.2266 185.74 187.2872 186.4888 184.4426 183.599 184.8752 187.8528 189.8735 187.2074 184.9838 187.8755 191.823 193.7427 193.6402 193.8715 196.4614 197.8124 196.1015 195.72 198.8776 202.6083
168.4279 168.7124 169.0598 169.8452 171.1138 172.0169 172.1666 173.1664 174.2745 175.1907 176.2238 177.0854 178.1774 179.6748 181.5044 182.5156 182.2508 182.0737 182.3248 182.3905 182.2112 182.6311 182.9972 183.2738 183.999 184.6347 184.4051 183.8516 183.6877 183.5025 183.4058 182.8409 182.3661 181.8661 183.2234 184.5311 185.6904 185.0402 185.4674 186.641 187.2112 187.6269 186.8463 186.4068 187.6774 189.4191 188.8202 188.4817 187.7036 187.0285 189.6209 192.6106 189.3326 187.187 187.703 188.9037 191.788 195.3498 196.3055 197.2843 199.6137 200.5897 201.5762 203.6651 204.5939
168.5809 168.7668 169.0351 169.66 170.4543 171.0605 171.7908 172.984 174.2532 175.5988 177.0266 178.2834 179.5312 180.7458 181.5095 181.193 180.8219 181.3018 181.4759 181.2893 181.4099 181.9243 181.2118 180.7877 181.657 182.085 181.213 179.9085 179.7055 179.6173 179.5583 180.2194 180.3096 181.1373 182.0494 183.2836 183.5972 183.6346 183.7619 184.2296 185.167 186.7394 187.7989 187.9017 187.9408 190.1049 191.2064 191.5644 191.9881 191.1832 192.6682 195.0994 195.1401 193.4565 194.2776 194.1371 193.9382 193.8668 195.9551 198.1114 200.2742 202.4888 204.0819 205.2017 205.5122
168.6114 168.8239 169.074 169.3794 169.7191 170.6852 171.4526 172.4881 173.4571 174.8392 176.1567 177.982 179.2171 179.7818 179.2732 178.9767 179.8325 180.8895 180.2749 179.6492 180.2266 180.1365 178.9704 178.5922 178.7115 178.8981 178.1297 177.9431 178.4965 179.1269 179.5781 179.9354 180.1036 181.0892 181.2967 182.0739 182.3012 183.0669 184.2462 185.2427 186.6868 188.1636 188.5163 189.0096 189.559 189.9998 190.5353 191.378 192.5653 194.7829 196.8621 198.0096 198.6091 198.6979 199.8272 199.7977 199.0987 197.9626 197.0227 198.3873 200.3727 203.9082 204.4971 205.8391 206.029
168.6544 168.8551 169.1575 169.3653 169.6553 170.2122 171.0479 171.461 172.3669 173.6635 175.1298 176.1247 177.2455 177.3043 177.051 177.9675 179.5855 179.7174 178.7596 178.3535 178.4632 178.2571 177.5094 176.7547 176.8197 177.1165 177.7374 180.1237 181.814 182.1423 181.8773 181.4561 181.798 182.0409 182.1726 182.2669 183.2238 184.8481 186.3098 187.447 188.1907 188.363 189.7635 190.6577 190.9436 191.104 191.8146 192.4461 193.2901 194.0663 195.3165 196.6611 197.5844 198.5466 199.2955 200.2349 199.2727 201.018 200.7623 201.7219 203.332 204.6088 205.2184 206.2597 206.3745
168.6393 168.8621 169.2129 169.3958 169.5905 169.8761 170.2954 170.9037 172.0258 174.0989 173.7728 173.8066 174.5742 174.9335 175.8938 177.3402 177.8846 177.749 177.3553 177.2055 177.0064 176.4448 176.0343 176.1122 177.6888 179.3592 180.8222 181.6573 182.8534 183.9554 184.1046 183.6247 182.9452 182.4902 182.4052 183.3102 184.5595 185.9609 187.1913 187.731 188.0815 190.8014 192.1749 192.685 193.0982 193.174 192.8513 193.4364 194.3451 195.0966 196.0186 196.7258 197.4868 198.2429 199.1759 200.3004 200.1013 200.8116 201.3209 202.3086 203.7536 205.1251 206.2414 206.52 206.7651
168.797 168.8607 169.2337 169.2865 169.5197 170.0017 170.2103 170.8176 173.1007 174.4075 173.7387 173.7295 173.6787 173.6978 174.0495 175.2096 175.7574 176.0148 176.0127 176.0113 175.4398 175.1957 175.7647 177.2247 179.1234 180.8234 181.2181 181.5845 182.6013 184.0898 184.2014 184.0922 183.5258 183.0203 183.1401 184.2168 185.3699 186.5231 186.9508 187.3529 191.3067 192.5625 192.7177 193.0962 193.4515 193.7396 193.8075 193.5889 193.1771 193.249 193.3721 194.5724 196.6906 198.3471 199.3158 200.4165 201.7463 203.7289 204.0528 202.7323 203.3403 204.7386 206.024 206.6203 206.8874
168.872 168.9819 169.4 169.5118 170.036 170.3837 170.5894 171.3726 174.263 173.7478 173.7334 173.7415 173.7016 173.7538 173.7181 173.6481 174.0192 174.4861 174.3257 174.3784 174.5492 175.0848 176.4354 178.2917 179.8627 180.1432 180.3521 180.9703 182.2836 184.0526 184.381 184.3323 183.8156 183.4517 184.0034 184.9069 185.7046 186.0568 186.4839 187.9666 190.2346 190.7235 190.9386 190.7582 190.9368 190.9326 190.757 190.9248 190.8637 191.458 193.828 196.7754 199.0608 200.8058 201.6268 202.3779 202.7775 203.9184 204.8365 204.6247 205.2079 205.2434 205.541 206.6003 206.9756
168.9376 169.0842 169.4867 169.7071 170.1894 170.5158 170.8996 172.2575 174.522 173.6211 173.6842 173.7186 173.7863 173.7736 173.7111 173.7266 173.8059 173.7611 173.8944 174.1989 175.0322 175.5975 176.0618 176.8416 177.6417 178.5389 179.5836 180.9263 182.4427 185.1152 186.3018 186.3447 185.7904 185.0433 184.8661 185.096 185.2246 185.5256 186.4243 187.575 188.7403 188.7342 188.3203 187.993 187.7873 188.1294 188.5788 189.14 190.0686 191.2869 192.8894 195.01 197.3018 200.1347 202.1048 203.3371 203.8051 204.3495 205.2595 206.5702 206.8597 206.0864 205.6745 206.7783 207.0015
