tests/original/elevation.asc
ncols         583
nrows         339
xllcorner     -86.790033307611
yllcorner     39.265026031275
cellsize      9.2592593e-005
NODATA_value  -9999
[rows 29 to 57 of 339, columns 0 to 64 of 583]
208.1896 208.2361 208.0551 207.5547 206.7666 205.8368 205.0165 204.3335 203.4478 202.3691 201.4503 200.8774 200.4035 199.7322 199.0644 198.4496 197.7198 196.7868 195.7224 194.7691 193.7522 192.5991 191.5667 190.6812 189.9142 189.2479 188.6923 188.27 187.9677 187.5562 187.0955 186.6955 186.4164 186.5853 186.9521 187.3777 187.6832 187.8828 188.0764 188.2421 188.2809 188.0704 187.3869 186.8506 187.0283 187.4908 187.7494 187.8066 187.781 187.5671 187.2861 187.0484 186.6634 186.9049 187.3017 186.6158 185.8925 185.3529 185.1603 183.7202 181.5283 181.24 181.6437 181.44 181.5904
208.0654 208.1257 207.8355 207.3654 206.6968 205.9101 205.2373 204.7083 203.9959 202.886 201.9159 201.2573 200.4963 199.6881 198.9503 198.2433 197.3804 196.2763 195.0905 194.1214 193.2362 192.2268 191.1426 190.0736 189.2587 188.7395 188.2814 187.6989 187.1087 186.6003 186.1772 185.8296 185.6225 185.6855 186.0628 186.5415 186.9883 187.3318 187.5489 187.6372 187.6195 187.1605 186.3625 185.9457 186.0212 186.3177 186.576 186.8659 187.0637 187.0517 186.5837 186.1867 186.0837 185.9703 185.859 185.5241 185.5998 185.5098 185.6245 181.8471 180.5465 180.3542 179.8575 179.9811 180.6074
207.4813 207.4346 207.0629 206.3562 205.647 205.0251 204.5606 204.1926 203.4773 202.5149 201.6236 200.9927 200.4805 199.7888 199.0452 198.3068 197.3849 196.2107 195.0534 194.0128 193.0878 192.0001 190.5646 189.2487 188.5507 188.2343 187.7387 186.9653 186.2564 185.7457 185.4108 185.2278 185.1104 185.1711 185.4847 185.9508 186.4065 186.7695 186.9138 187.026 186.9707 186.6386 186.1801 185.8704 185.7233 185.7021 185.8472 186.0612 186.3316 186.4452 186.2736 185.8236 185.5855 185.4196 185.2534 185.0453 185.2262 186.0158 182.8207 180.9892 180.5567 179.0727 178.4831 178.541 179.905
206.4509 206.3398 205.8798 205.0965 204.2656 203.669 203.2089 202.5949 201.8538 201.2717 200.8565 200.542 200.2407 199.69 199.0283 198.4021 197.5544 196.3022 195.0777 194.0123 193.0566 191.8351 190.2118 188.8907 188.2028 187.8493 187.4044 186.7924 186.1861 185.7753 185.3806 184.8773 184.4681 184.3115 184.5871 185.239 185.9143 186.2649 186.4564 186.5524 186.5125 186.2756 185.9388 185.6899 185.4813 185.4179 185.5257 185.6783 185.872 185.9106 185.8357 185.7485 184.9565 184.6299 184.753 184.7991 185.6478 182.9388 180.7276 180.7608 180.1074 178.8862 177.6806 177.2987 178.1161
204.8669 204.9874 204.7394 204.1217 203.3383 202.4496 201.5927 200.992 200.6393 200.3768 200.1518 199.9409 199.6904 199.3974 198.9634 198.5046 197.7757 196.5004 195.1897 194.0443 193.011 191.7219 190.0796 188.7661 188.129 187.8034 187.3814 186.8894 186.4438 186.0768 185.5483 184.8239 184.042 183.4025 183.2338 183.812 184.8053 185.6226 186.0601 186.1838 186.1194 185.9675 185.8079 185.567 185.3564 185.2749 185.3147 185.3944 185.3838 185.4075 185.2941 185.1492 185.2999 184.4201 184.6071 185.802 183.7825 179.8248 179.1556 179.1508 178.7519 177.6302 177.0693 176.6036 176.093
203.2473 203.527 203.5218 203.0571 202.2853 201.4487 200.6962 199.9569 199.151 198.8066 198.9377 199.0969 199.0811 199.0337 198.8024 198.4672 197.8278 196.6249 195.3152 194.1004 192.974 191.5861 189.9 188.7007 188.0859 187.7081 187.3116 186.9155 186.5784 186.1772 185.538 184.6971 183.8124 183.1074 182.7511 182.7351 183.2591 184.242 184.9949 185.3626 185.5191 185.5405 185.3801 185.2963 185.2338 185.1924 185.1972 185.1663 185.1773 185.2498 185.2945 184.9901 184.1336 184.3203 182.8382 182.2247 179.6978 179.3895 178.7793 178.6395 178.3208 177.6766 177.7265 176.4356 175.8344
201.3926 201.7608 202.0111 202.1475 201.9071 201.1863 200.0977 198.9207 198.0555 197.7768 197.9269 198.2319 198.515 198.6156 198.5219 198.3416 197.7357 196.4759 195.211 194.0273 192.8346 191.3966 189.7847 188.6804 188.0367 187.5596 187.1135 186.7231 186.4043 186.0587 185.5072 184.7043 183.8181 183.1854 182.8554 182.6225 182.508 182.7924 183.3129 183.7151 184.0133 184.2444 184.4411 184.7751 184.9899 184.9702 184.8851 184.9178 185.0252 184.9998 184.744 184.1994 183.6653 182.6695 181.8485 180.168 179.5855 178.8827 178.6739 178.3868 178.8674 179.9237 180.4376 180.5621 180.0611
200.572 200.7473 200.9401 201.1823 201.2314 200.849 200.074 199.1763 198.403 197.8378 197.6669 197.8528 198.1125 198.2961 198.2599 197.8882 197.1191 196.0461 194.9132 193.8027 192.6336 191.1702 189.5907 188.6351 188.064 187.4784 186.909 186.511 186.1345 185.6973 185.1378 184.4831 183.8087 183.2014 182.8649 182.6197 182.4254 182.4594 182.5894 182.6899 182.7794 183.1291 183.788 184.3425 184.6177 184.6907 184.7502 184.85 184.8282 184.7065 184.3769 183.9861 183.2119 182.6102 181.9821 181.16 179.9848 180.3937 180.4834 179.9386 179.6645 180.8881 181.3623 181.2812 180.4873
200.3205 200.1957 200.268 200.3108 200.3335 200.1452 199.6298 198.9936 198.4793 198.0633 197.5883 197.3171 197.4862 197.6314 197.5207 196.9756 196.1473 195.3007 194.3668 193.4166 192.4198 191.0696 189.492 188.53 187.9022 187.3248 186.7307 186.132 185.6936 185.2523 184.8294 184.3613 183.718 183.2308 182.9496 182.7596 182.5504 182.3659 182.372 182.4268 182.5679 182.9051 183.3751 183.7998 184.0681 184.3777 184.6718 184.6497 184.52 184.3399 184.1986 183.8367 183.5576 183.0518 182.4238 181.7298 181.5817 181.7218 181.548 181.2557 180.9604 181.6054 181.7392 181.3435 179.9302
200.6223 199.9495 199.5534 199.3876 199.3748 199.2597 199.0431 198.8625 198.5707 198.139 197.5549 196.9389 196.4848 196.238 196.1523 195.8956 195.3946 194.7656 193.8682 192.963 191.9547 190.6244 189.2557 188.4142 187.8581 187.3248 186.7309 186.0993 185.5903 185.1751 184.809 184.3921 183.8981 183.5055 183.1878 182.9525 182.7343 182.4664 182.3214 182.3851 182.6156 182.8934 183.133 183.3598 183.8692 184.3294 184.4414 184.4365 184.3097 184.2293 183.9949 183.8258 183.5705 183.1873 182.9708 182.7687 182.8108 182.8694 182.5734 182.5414 182.3092 182.2252 182.0586 181.6259 180.7937
200.9658 200.0862 198.8929 198.3566 198.3637 198.4533 198.4667 198.4606 198.3254 197.8922 197.1368 196.1924 195.3889 195.0702 194.9465 194.6865 194.2642 193.7494 193.0807 192.3839 191.3789 190.0807 189.0167 188.3906 187.8811 187.2155 186.6084 186.2534 185.8213 185.3363 184.8035 184.3055 183.9505 183.6707 183.3829 183.0592 182.7428 182.458 182.2682 182.3749 182.6153 182.8157 183.0196 183.2044 183.4779 183.8056 184.0584 184.1194 184.1147 183.998 183.9187 183.8119 183.7781 183.7142 183.519 183.3241 183.2809 183.2423 183.0721 182.8645 182.6892 182.3703 182.052 181.7435 181.5287
200.7405 199.5328 198.273 197.6734 197.5744 197.6944 197.8298 197.8282 197.5789 196.7949 196.0077 195.4626 194.8023 194.0884 193.6858 193.4986 193.2359 192.8317 192.3094 191.7193 190.7789 189.629 188.7962 188.2731 187.705 187.1212 186.7057 186.3707 185.925 185.3776 184.7947 184.2985 183.9475 183.6589 183.3043 182.9869 182.7424 182.4585 182.2099 182.3511 182.649 182.8268 183.0033 183.1023 183.2486 183.4155 183.5454 183.7548 183.7654 183.7995 183.8119 183.8743 184.0099 183.9983 183.8517 183.6274 183.6079 183.4121 183.1936 183.0921 182.8161 182.4501 182.1222 181.9045 181.6283
200.2029 199.1169 198.1673 197.5361 197.0158 196.6712 196.5163 196.3132 195.9369 195.4311 195.0284 194.5167 193.6664 192.9125 192.3029 192.011 191.9549 191.7929 191.4356 190.8692 190.142 189.3696 188.677 188.0937 187.5374 187.1111 186.7519 186.2984 185.881 185.3837 184.7615 184.168 183.7289 183.4248 183.1432 182.8721 182.6619 182.4621 182.2331 182.2569 182.4959 182.7002 182.8072 182.9302 183.0909 183.2202 183.3421 183.3561 183.4844 183.5683 183.7085 183.8813 183.9324 183.9303 183.9567 183.8453 183.7235 183.4727 183.2367 183.097 182.9247 182.505 182.1906 181.8856 181.5898
199.1589 198.6557 198.1041 197.3269 196.4562 195.7809 195.2812 194.8458 194.6054 194.3496 193.6129 192.5717 191.8641 191.5851 191.4014 191.2093 190.9786 190.6795 190.4333 190.0601 189.5456 188.9976 188.4478 187.8913 187.3874 186.9616 186.5773 186.1719 185.7062 185.2262 184.6699 183.9915 183.3374 182.9853 182.8313 182.7101 182.5647 182.3732 182.1462 182.1091 182.2904 182.5131 182.6782 182.7931 182.9269 183.0394 183.0505 183.179 183.273 183.4574 183.6048 183.6923 183.816 183.9136 183.9432 183.8466 183.6481 183.2894 183.0824 182.9289 182.74 182.4745 182.0321 181.7717 181.5074
198.0341 198.0022 197.8314 197.2119 196.0337 195.063 194.6098 194.326 194.0826 193.4268 192.595 191.9931 191.5899 191.1781 190.7901 190.3651 189.9284 189.6344 189.4785 189.3083 188.9605 188.5165 188.0837 187.5535 187.1012 186.8212 186.5645 186.1811 185.7069 185.0502 184.34 183.7334 183.2191 182.8336 182.6211 182.5364 182.4505 182.2931 182.1242 181.9464 181.9639 182.238 182.5267 182.6592 182.7981 182.8605 182.9162 183.0409 183.2087 183.3025 183.3442 183.4079 183.605 183.8204 183.9457 183.8225 183.6329 183.3123 183.0074 182.8274 182.6305 182.2835 182.0167 181.7188 181.4806
197.8452 197.8411 197.8525 197.6911 196.4979 195.4297 195.1908 195.1485 195.0644 194.5543 193.8064 193.08 192.3718 191.634 190.7912 189.7845 188.9603 188.651 188.5645 188.4546 188.2269 187.8524 187.3594 186.8977 186.6069 186.4538 186.2734 185.9693 185.5713 185.0094 184.3515 183.7243 183.2248 182.9057 182.6123 182.37 182.2197 182.0696 181.9036 181.6698 181.6876 182.0106 182.3034 182.5211 182.5955 182.6749 182.8294 183.0081 183.0807 183.0821 183.0635 183.1395 183.3082 183.5984 183.67 183.6159 183.4922 183.166 182.92 182.7075 182.4122 182.1267 181.9016 181.7159 181.4184
197.8923 197.9197 197.8376 197.4656 197.2097 197.045 196.6711 196.1485 195.8074 195.4669 194.922 194.0001 192.8717 191.9768 190.8732 189.6597 188.7802 188.3209 188.0425 187.7751 187.4736 187.085 186.6567 186.4032 186.253 186.1641 186.0675 185.8181 185.3645 184.8149 184.203 183.6472 183.2911 183.0042 182.6589 182.2481 181.9127 181.735 181.5863 181.3554 181.3577 181.6677 182.0236 182.3295 182.4924 182.62 182.7592 182.7998 182.8236 182.7874 182.8301 182.9208 183.0242 183.1295 183.263 183.3037 183.2794 183.1439 182.87 182.624 182.3896 182.1483 181.8996 181.5606 181.2323
198.0555 198.0864 198.1017 198.1183 198.1304 198.2341 198.0005 197.1969 196.493 195.9001 195.2769 194.2724 192.9404 191.9111 190.7771 189.5782 188.712 188.1958 187.6846 187.1047 186.5874 186.2044 185.9326 185.7789 185.6949 185.6311 185.5483 185.3502 184.9185 184.3746 183.866 183.4672 183.1738 182.8906 182.5379 182.1393 181.7333 181.3894 181.2298 180.9633 180.9294 181.4125 181.9465 182.1727 182.3072 182.4564 182.5444 182.5699 182.5918 182.5487 182.5265 182.6225 182.6466 182.6958 182.7439 182.9227 182.9694 182.9492 182.632 182.5125 182.3719 182.1773 181.9324 181.6685 181.2785
198.4632 198.5463 198.5628 198.4765 198.3323 198.1503 197.7152 196.9005 196.0456 195.5588 194.9475 193.9067 192.7412 191.6096 190.5748 189.5596 188.6322 187.8669 187.1266 186.492 185.9836 185.6021 185.3763 185.2751 185.2062 185.1455 185.0171 184.7269 184.3402 183.9705 183.6479 183.3462 183.0618 182.7608 182.3567 181.8628 181.4627 181.208 180.8929 180.5294 180.7967 181.4564 181.6991 181.7471 181.9124 182.1644 182.3126 182.3466 182.3523 182.3125 182.2794 182.2627 182.295 182.2978 182.3415 182.1845 182.441 182.2205 182.2687 182.4225 182.4692 182.297 181.9494 181.5739 181.3099
198.6147 198.3456 198.1106 197.8575 197.6058 197.1778 196.5893 195.99 195.3611 194.8585 194.0576 192.9757 191.9907 190.973 190.0279 189.1802 188.3933 187.6061 186.7812 186.0728 185.6677 185.4161 185.1157 184.9247 184.8253 184.7461 184.5346 184.1312 183.7391 183.5223 183.3199 183.0511 182.783 182.4258 182.0534 181.5876 181.1058 180.8073 180.618 180.3961 180.4783 180.7967 180.9388 181.2384 181.5402 181.7449 181.893 181.9861 182.0268 182.0267 181.9689 181.9036 181.8839 181.9169 181.9541 182.2109 182.1254 182.2842 182.2514 182.3862 182.399 182.2325 181.8078 181.4887 181.1673
197.9094 197.3765 196.845 196.2986 195.7596 195.2812 194.8961 194.5246 194.0037 193.3186 192.4831 191.6737 190.9208 190.0024 189.2481 188.6812 188.1358 187.4791 186.6535 185.983 185.5651 185.2657 185.0099 184.8234 184.628 184.3224 183.9608 183.6412 183.329 183.0581 182.8735 182.6701 182.333 181.9528 181.5559 181.1497 180.8223 180.5953 180.3391 180.0153 179.9542 180.208 180.5273 180.8448 181.1183 181.283 181.3667 181.4619 181.5642 181.588 181.5524 181.5294 181.4938 181.4107 181.4998 181.3553 181.2851 181.4454 181.8136 181.7529 181.5195 181.1203 180.8252 180.651 180.4552
195.8415 194.923 194.2045 193.8297 193.5625 193.2998 193.0323 192.6805 192.1664 191.5861 190.9635 190.2752 189.5837 189.0141 188.5884 188.2418 187.8489 187.3143 186.6762 186.1028 185.6726 185.3929 185.2054 184.9584 184.5686 184.0382 183.5388 183.1985 182.9134 182.7004 182.4634 182.1084 181.6764 181.2587 180.8394 180.5851 180.5045 180.3571 180.0549 179.7903 179.7535 179.9206 180.1521 180.3806 180.5914 180.7441 180.8358 180.9261 181.0153 181.0866 181.1111 181.091 181.0812 181.065 180.8449 180.7209 180.37 180.3856 180.1391 179.9154 179.5905 179.3758 179.2709 179.0515 178.8148
193.6353 192.5405 191.8493 191.3375 191.1205 191.0965 191.0158 190.7489 190.3359 189.8863 189.4439 188.9561 188.5041 188.2905 188.1302 187.8938 187.575 187.2034 186.8145 186.4194 186.0408 185.6915 185.3589 184.9985 184.5407 183.8785 183.193 182.753 182.5025 182.3942 182.1631 181.6258 180.9432 180.4295 180.1693 180.0975 180.0858 179.9971 179.8406 179.6791 179.5866 179.6363 179.8246 179.9853 180.0721 180.1451 180.2461 180.3323 180.4145 180.4715 180.5672 180.7029 180.763 180.6115 180.4237 180.1836 180.2124 180.2039 180.138 179.7576 179.7221 179.5423 179.2168 178.7306 178.7269
193.3915 191.6853 190.2822 189.0441 188.7535 189.0126 189.1545 189.0704 188.8147 188.4984 188.2672 188.106 187.9364 187.8034 187.6629 187.464 187.2127 186.9686 186.7553 186.4673 186.2096 186.0028 185.6827 185.1859 184.5801 183.9375 183.2919 182.715 182.3066 181.9681 181.6987 181.1831 180.3267 179.8206 179.6468 179.6686 179.7106 179.6707 179.6516 179.575 179.453 179.4067 179.4745 179.5499 179.6143 179.6655 179.7116 179.7963 179.9066 179.9976 180.1002 180.2247 180.2303 180.1584 180.1076 180.1058 179.7845 180.0502 179.6734 179.8183 179.671 179.497 179.2896 178.9476 178.1586
194.4888 192.7813 190.812 188.8852 188.1368 188.024 187.8569 187.7128 187.6145 187.531 187.4704 187.4088 187.3286 187.2788 187.1781 186.9916 186.789 186.6468 186.5508 186.4506 186.3001 186.1343 185.8854 185.3484 184.645 184.0636 183.5676 183.005 182.5115 181.9639 181.4094 180.8144 180.1708 179.7718 179.6267 179.6117 179.6225 179.589 179.5083 179.4197 179.3075 179.2272 179.262 179.2938 179.3095 179.2531 179.2013 179.2775 179.4312 179.5954 179.72 179.7387 179.7563 179.7945 179.8817 179.9998 180.1651 179.7586 180.0796 179.7351 179.5642 179.3578 179.1685 178.9757 178.6554
194.4017 193.27 191.8108 189.6591 188.3216 187.5709 186.8425 186.3916 186.3776 186.5223 186.6304 186.6864 186.7144 186.7202 186.692 186.6012 186.4581 186.3533 186.354 186.3243 186.1757 185.9741 185.7188 185.2547 184.6543 184.0896 183.6314 183.2427 182.8755 182.4196 181.873 181.2906 180.6983 180.1527 179.8596 179.7484 179.685 179.6286 179.5484 179.4382 179.2576 179.0712 178.9879 178.9826 178.9756 178.9859 178.9953 178.9881 179.0804 179.2516 179.3646 179.4452 179.4905 179.4879 179.5708 179.7277 179.5036 179.5193 179.5022 179.6091 179.4253 179.2417 179.0606 178.9551 178.945
193.4836 192.5921 191.362 189.548 188.153 187.222 186.3575 185.6378 185.3742 185.4923 185.7198 185.9315 186.0988 186.1455 186.1694 186.1584 186.1096 186.0739 186.0379 185.9449 185.7919 185.562 185.2238 184.8002 184.3115 183.8615 183.5033 183.2038 182.9253 182.5973 182.1608 181.6892 181.1887 180.5465 180.1604 179.9537 179.7892 179.7195 179.6483 179.586 179.4363 179.1595 178.8976 178.7551 178.7386 178.7772 178.7946 178.7927 178.8796 178.9926 179.0989 179.1697 179.2676 179.3015 179.3471 179.2726 179.2265 179.3261 179.3992 179.3598 179.4084 179.3199 179.2952 179.2606 179.2228
191.8553 191.0185 189.9416 188.7418 187.7126 186.9576 186.3336 185.7201 185.1712 184.7403 184.524 184.6328 184.9424 185.1404 185.2882 185.4037 185.4597 185.4476 185.3673 185.284 185.1243 184.8362 184.4436 183.99 183.6479 183.4604 183.2706 182.9932 182.7441 182.4785 182.161 181.82 181.3782 180.7381 180.35 180.195 180.0483 179.8742 179.7338 179.6495 179.6429 179.5521 179.2538 178.9823 178.8621 178.7592 178.7201 178.8453 178.7995 178.6664 178.5567 178.6517 178.9476 179.182 179.017 178.9935 179.0621 179.1677 179.2371 179.0497 178.9981 179.0747 179.0773 179.217 179.1071
189.6008 189.0353 188.3637 187.6038 186.9506 186.5304 186.1229 185.5242 184.8485 184.1115 183.4749 183.1489 183.1863 183.4549 183.8056 184.1001 184.2352 184.2374 184.2348 184.2229 184.1064 183.842 183.5029 183.2149 183.066 182.9974 182.9022 182.727 182.4908 182.3133 182.0754 181.8131 181.5121 180.8951 180.4878 180.3267 180.1769 180.0104 179.8524 179.7043 179.6032 179.5829 179.5763 179.4465 179.2315 179.1188 179.138 179.0253 178.6872 178.231 177.9467 177.9183 178.1446 178.4386 178.4442 178.4161 178.7637 178.8201 178.82 178.9555 178.8184 178.8527 179.04 179.0762 179.09
