tests/original/elevation.asc
ncols         583
nrows         339
xllcorner     -86.790033307611
yllcorner     39.265026031275
cellsize      9.2592593e-005
NODATA_value  -9999
[rows 232 to 260 of 339, columns 0 to 64 of 583]
203.4449 204.5354 205.2589 205.6009 205.7758 206.0465 206.3573 206.6127 206.7012 206.6551 206.6061 206.3979 206.0814 205.7367 205.3776 205.0316 204.674 204.5123 204.5538 204.6454 204.8032 205.0194 205.3042 205.4969 205.4951 205.433 205.2658 205.0499 204.8309 204.6009 204.3594 204.0305 203.5855 203.0238 202.4603 202.0539 201.6122 200.5242 198.7411 196.6328 194.1968 191.5615 189.2886 188.2828 189.0922 191.0465 192.1363 191.5276 189.8744 188.9172 190.2489 192.6634 194.6544 195.7787 196.2268 196.1819 196.1337 196.078 195.7771 194.9106 193.2032 191.3089 190.9895 192.2888 193.7861
204.3214 205.0427 205.6027 205.89 205.9896 206.1799 206.4232 206.5595 206.5146 206.3749 206.2188 205.9227 205.5701 205.1728 204.6909 204.2326 203.855 203.6781 203.688 203.7978 204.0543 204.5401 205.1074 205.4514 205.4984 205.4724 205.4415 205.2664 204.9528 204.671 204.457 204.1909 203.7203 203.0741 202.4411 201.9116 201.345 199.9599 197.9561 195.8701 193.2861 190.7296 188.6709 187.7199 188.3408 189.8924 190.6227 189.4983 187.653 187.2841 189.1426 191.6974 193.9388 195.4214 195.8884 195.7392 195.6595 195.4775 194.8458 193.6303 191.6983 189.5964 189.4409 191.2355 193.0401
204.3281 204.7298 205.0746 205.3536 205.5322 205.6993 205.9503 206.0955 206.0802 205.9626 205.6841 205.2988 204.9093 204.4731 203.8828 203.215 202.706 202.411 202.2862 202.4258 202.9726 203.7695 204.5368 205.0789 205.319 205.3093 205.2936 205.2499 205.0346 204.718 204.4938 204.2491 203.7693 203.118 202.4648 201.7273 200.7791 199.1835 197.0539 194.6956 192.0179 189.7547 187.4813 186.0886 186.8498 188.392 188.8691 187.4329 185.7275 185.9568 188.0912 190.7951 193.3078 195.1433 195.8334 195.5893 195.1127 194.5925 193.6853 192.1622 190.2709 188.4379 188.2127 189.8971 192.036
203.8045 204.0556 204.289 204.5191 204.7327 204.9093 205.1991 205.4326 205.495 205.3963 205.1167 204.7497 204.2892 203.6234 202.7105 201.7591 201.1407 200.777 200.5338 200.6788 201.5272 202.7337 203.7446 204.3709 204.7178 204.8452 204.8595 204.8334 204.7931 204.6687 204.3875 204.1001 203.7347 203.1824 202.5093 201.7677 200.7263 199.189 197.101 194.6509 192.197 189.8861 187.6375 185.8481 185.457 186.5466 187.0422 186.1395 185.0977 185.4475 187.3652 189.9364 192.6441 194.8766 195.8732 195.641 194.8361 193.7396 192.4258 190.9045 189.1089 187.5751 187.5123 189.0338 190.9355
202.6487 202.9658 203.3184 203.6344 203.886 204.1231 204.4262 204.6757 204.7889 204.7602 204.5444 204.1148 203.3793 202.3658 201.2715 200.2853 199.438 198.7776 198.3844 198.7045 200.1031 201.6479 202.8329 203.5803 203.9648 204.1642 204.2294 204.2133 204.2071 204.187 204.0321 203.8312 203.6055 203.1924 202.5527 201.8562 200.9536 199.5551 197.614 195.3082 192.873 190.7453 188.5631 186.4856 185.3486 185.2364 185.2672 184.8303 184.4219 184.9608 186.666 189.1002 191.7839 194.1865 195.5693 195.4558 194.3932 192.9211 191.3444 189.706 187.9446 186.5662 186.7779 188.2847 189.7963
201.3273 201.5475 202.0056 202.548 202.9516 203.3175 203.6552 203.8989 203.9934 203.9257 203.6464 203.0421 202.203 201.2156 200.1954 199.2612 198.2002 197.1885 196.6202 197.0797 198.836 200.8148 202.0807 202.6906 203.0781 203.3027 203.4214 203.4505 203.4379 203.43 203.4315 203.4653 203.4487 203.2484 202.7775 202.0725 201.315 200.0144 198.0202 195.7937 193.6644 191.7856 190.0041 188.3855 187.1883 186.3583 185.5544 184.8166 184.3762 184.6441 186.1033 188.3928 190.8726 193.045 194.4941 194.8092 193.9636 192.5396 190.8894 188.9176 186.8791 185.6407 186.0507 187.5382 189.0406
200.1856 200.3548 200.8078 201.36 201.8097 202.2137 202.53 202.7282 202.7814 202.6612 202.3293 201.7421 201.0388 200.2799 199.4493 198.5373 197.4041 196.1068 195.3001 195.9215 198.0271 200.1458 201.3738 201.9035 202.1875 202.3139 202.374 202.405 202.4264 202.4661 202.5852 202.8581 203.1333 203.1606 202.8557 202.3441 201.729 200.5748 198.8408 197.042 195.5088 194.2888 193.0852 191.794 190.4973 189.1334 187.6891 186.2348 184.9574 184.486 185.5641 187.6876 190.0864 192.1241 193.4575 194.0465 193.7533 192.8455 191.2051 188.718 186.3519 185.3126 185.8935 187.3357 188.8869
199.0098 199.4532 199.9113 200.3267 200.7258 201.0833 201.3179 201.4121 201.4073 201.3007 201.0301 200.5919 200.0308 199.4474 198.8041 197.8537 196.4554 194.9848 194.1712 195.0417 197.6679 199.5726 200.541 201.1263 201.3866 201.4756 201.4571 201.3532 201.2867 201.3828 201.6594 202.1913 202.6837 202.8746 202.8319 202.6646 202.177 201.2998 200.1407 198.8812 197.7218 196.8179 195.9794 194.959 193.5792 191.7498 189.7682 187.627 185.5805 184.4761 184.9851 186.6818 189.002 191.2945 192.9041 193.6352 193.7884 193.3535 191.7202 188.8829 186.2507 185.0972 185.5365 186.9084 188.5379
197.9773 198.5925 199.0999 199.4623 199.8069 200.0863 200.2775 200.3478 200.2922 200.1322 199.8964 199.6106 199.2179 198.7267 198.0667 197.0327 195.6581 194.2976 193.6663 194.8129 197.5945 199.1075 199.6901 200.2191 200.5007 200.5627 200.4775 200.2655 200.1325 200.3489 200.8885 201.498 201.9985 202.2711 202.3863 202.5004 202.3193 201.8814 201.3043 200.5569 199.6486 198.6758 197.8348 196.9319 195.6009 193.7609 191.3061 188.7167 186.4126 184.8017 184.5385 185.5776 187.6799 190.2298 192.2368 193.1295 193.4838 193.5604 192.3845 189.5909 186.8082 185.0993 185.0261 186.1734 187.6493
197.1953 197.7585 198.3199 198.6934 198.8929 199.0723 199.2057 199.2177 199.1577 199.063 198.8756 198.6474 198.3683 197.927 197.2273 196.2544 195.0561 193.5126 192.9504 194.6299 197.335 198.6734 199.0838 199.4322 199.6378 199.653 199.3725 198.8993 198.5547 198.7651 199.6455 200.612 201.2514 201.5203 201.6418 201.8172 201.8654 201.8386 201.772 201.4515 200.7097 199.7456 198.9404 198.0854 196.8062 195.0665 192.2863 189.455 187.1452 185.2102 184.2601 184.7834 186.6635 189.0625 190.988 192.0312 192.5179 192.9438 192.3989 190.0899 187.3285 185.2438 184.5753 185.2565 186.5831
195.7137 196.5113 197.3094 197.7442 197.9149 198.0453 198.1389 198.1433 198.1237 198.111 198.0139 197.8397 197.5849 197.1697 196.5624 195.7003 194.3431 192.4887 192.0341 194.0009 196.4452 197.9671 198.5126 198.6898 198.8193 198.8213 198.5529 197.6049 196.6248 196.8068 198.1382 199.3518 200.117 200.5984 200.8912 201.1281 201.2592 201.366 201.397 201.1958 200.7346 199.998 199.2082 198.3633 197.1779 195.363 192.5974 189.9035 187.7043 185.613 184.0534 183.8962 185.448 187.83 189.8316 191.0343 191.6072 191.8488 191.4441 189.9711 187.7801 185.6082 183.8611 183.5984 185.125
194.7203 195.2794 196.0207 196.5421 196.8371 197.0843 197.1963 197.2488 197.292 197.275 197.1869 197.0884 196.8614 196.4978 196.0663 195.2876 193.663 191.7488 191.6069 193.6737 195.776 197.1739 197.7204 197.8445 197.9421 197.8695 197.3875 196.1712 195.0356 195.2105 196.6249 198.0703 198.9855 199.4931 199.7996 200.0158 200.242 200.365 200.3715 200.3335 200.1596 199.7045 199.0587 198.2696 197.0684 195.1245 192.5077 190.2991 188.4389 186.1412 183.9269 182.775 183.8363 186.4884 188.8639 190.1564 190.912 191.2444 190.8566 189.7321 188.0564 185.8263 183.4263 182.2543 183.194
194.2455 194.5756 195.1399 195.5276 195.7713 196.0163 196.2364 196.3679 196.3571 196.3407 196.4552 196.3961 196.1623 195.8689 195.4915 194.6868 192.9921 191.3797 191.6747 193.7754 195.5529 196.475 196.8888 197.0557 196.9712 196.6396 195.9607 194.5185 193.1844 193.3515 194.9272 196.6293 197.7536 198.3515 198.6176 198.675 198.7765 198.8674 198.9763 199.1438 199.1887 199.1031 198.7608 198.06 196.9285 195.2012 192.7399 190.5738 188.7658 186.4997 184.0123 182.1468 182.6342 185.2033 187.7635 189.2981 190.2816 190.8289 190.6329 189.6226 187.9626 185.7364 183.4985 182.04 181.9003
194.0717 193.6953 193.8886 194.3586 194.7405 195.0737 195.2746 195.4033 195.5033 195.6246 195.7739 195.7291 195.5878 195.3728 194.8301 193.732 192.2846 191.2783 191.8647 193.7975 195.3593 196.0599 196.2229 196.2853 196.2546 195.8212 194.8394 193.1497 191.7127 191.8319 193.404 195.1083 196.2381 196.9171 197.3517 197.5269 197.5906 197.6411 197.7876 198.0428 198.2478 198.3037 198.1317 197.6879 196.9317 195.7095 193.734 191.4769 189.2915 186.914 184.2567 182.0956 181.891 183.7585 186.2283 188.0762 189.3246 189.9603 189.9281 189.1525 187.4866 185.3514 183.4284 182.0581 181.4477
194.6633 193.7911 192.8755 192.6965 193.1712 193.6853 194.0626 194.3501 194.587 194.8272 195.1013 195.2067 195.0206 194.5573 193.7308 192.546 191.6204 191.2637 191.8713 193.3346 194.6821 195.3083 195.4629 195.5855 195.6085 195.0805 193.7828 192.0698 190.7193 190.6602 192.1439 193.9142 195.1158 195.7894 196.2262 196.4909 196.6908 196.8414 196.9801 197.1685 197.3993 197.6043 197.5886 197.3253 196.8628 196.0717 194.8144 192.8937 190.4756 187.8493 185.0455 182.2899 181.3856 182.6451 184.5246 186.137 187.4465 188.3502 188.618 188.0618 186.6248 184.7072 182.9653 181.7643 181.254
195.0761 194.2219 192.7457 191.6833 191.64 192.024 192.4876 192.9098 193.3099 193.6674 193.9431 194.1726 194.1002 193.7122 193.0076 191.9108 190.9632 190.984 191.7922 192.7967 193.8087 194.3532 194.5772 194.711 194.7037 194.2726 193.0013 191.0363 189.264 189.2224 191.3497 193.0799 194.1149 194.8767 195.2813 195.4755 195.6883 195.9272 196.126 196.382 196.7731 197.0285 197.0235 196.9378 196.7942 196.2897 195.403 193.7146 191.3799 188.8455 185.9785 182.7627 181.3291 181.9689 183.0673 184.2131 185.2349 186.2039 186.7943 186.5448 185.4733 183.8649 182.4307 181.5331 181.1253
195.343 195.0314 193.998 192.6706 191.8174 191.4299 191.4336 191.6517 191.8834 192.1101 192.4391 192.7484 192.8513 192.7856 192.4731 191.5116 189.8932 189.6383 190.8775 192.1135 192.9062 193.3949 193.528 193.4962 193.4668 193.1118 192.1595 190.2728 188.6371 188.9771 191.0274 192.5231 193.3128 193.8987 194.2732 194.5138 194.74 194.9698 195.2406 195.6337 196.1066 196.4489 196.5384 196.4556 196.3614 196.2031 195.5792 194.0515 191.9023 189.521 186.6955 183.5466 181.344 180.7934 181.3637 182.3276 183.2508 184.125 184.7766 184.8265 184.1868 183.1491 182.0606 181.2641 181.0624
196.1309 195.8003 195.1243 194.2189 193.2345 192.4078 191.6858 191.177 191.1718 191.4671 191.5081 191.4534 191.4131 191.4103 191.1813 190.365 189.2481 188.8097 189.5807 190.9362 191.9176 192.4667 192.6404 192.6241 192.5642 192.2291 191.1741 189.6136 188.5552 189.0196 190.785 192.1346 192.7362 193.083 193.3832 193.588 193.8158 194.0922 194.4458 194.918 195.4492 195.8901 196.0902 196.0324 195.8895 195.7416 195.2004 193.9951 192.2396 190.0266 187.2634 184.248 181.8457 180.3229 179.6725 180.1754 181.1415 182.1664 182.9236 183.1464 182.8942 182.2425 181.3302 180.7353 180.9373
196.1442 196.0047 195.791 195.3644 194.9069 194.4057 193.5688 192.4579 191.7624 191.6797 191.2822 189.8349 188.897 188.9562 189.2046 189.2598 188.864 188.3569 188.4012 189.1612 190.0925 190.7569 191.105 191.2138 191.0989 190.6466 189.6165 187.9162 186.9974 187.9503 189.7502 191.296 192.1777 192.5572 192.7045 192.7897 192.8817 193.0893 193.5584 194.265 194.954 195.4085 195.6338 195.6672 195.5777 195.4056 194.8378 193.8375 192.472 190.6627 188.2701 185.3215 182.7766 181.0137 179.7999 179.2769 179.3801 180.02 180.737 181.1133 181.228 181.0885 180.6115 180.0962 180.2187
196.6465 196.5983 196.2689 195.9764 195.8174 195.6492 195.2731 194.5585 193.5482 192.679 192.1541 191.1848 189.9021 188.9254 188.4916 188.3325 188.135 187.6429 187.209 187.3206 187.8874 188.467 188.7474 188.7828 188.6972 188.3106 187.2916 186.1281 185.5853 186.4649 188.6828 190.1386 190.9097 191.3981 191.5499 191.6267 191.6642 191.8182 192.2815 193.0334 193.8552 194.6452 195.1036 195.2019 195.1286 194.8846 194.381 193.6155 192.628 191.3376 189.5647 187.2944 184.6976 182.5116 181.2104 180.3566 179.6657 179.3103 179.3929 179.6731 179.896 180.0143 179.9291 179.6311 179.5748
196.9637 197.0739 197.0996 197.016 196.8189 196.5105 196.0918 195.5907 194.7575 193.6868 192.8058 191.8766 190.8747 189.9521 189.3044 188.9501 188.5303 187.5989 186.4049 185.6426 185.5754 185.827 185.9373 185.8352 185.7178 185.5682 185.0846 184.4836 184.5072 185.5244 187.0663 188.4852 189.3029 189.5066 189.3845 189.3045 189.6572 190.2902 190.9872 191.7213 192.457 193.0994 193.5637 193.908 194.1437 194.0966 193.6774 193.281 192.7386 191.6685 190.3101 188.8158 187.0267 185.1104 183.5134 182.3375 181.3908 180.4498 179.6541 179.269 179.2156 179.1892 178.917 178.6828 178.9133
197.3607 197.6364 197.7942 197.8112 197.6644 197.2434 196.5312 195.8116 194.9839 193.9006 192.8013 191.9017 191.6931 191.8079 191.5072 190.6428 189.4237 188.3018 187.6763 187.2498 186.4603 185.719 185.1033 184.6792 184.6139 184.7646 184.6495 184.0383 183.9303 184.767 185.5948 186.3457 186.7136 186.7151 186.7767 187.1822 187.8468 188.6843 189.5163 190.2205 190.8507 191.3717 191.8996 192.3859 192.667 192.7306 192.6239 192.529 192.2539 191.5954 190.7998 189.9873 188.9816 187.7059 186.3597 185.113 183.8643 182.6454 181.477 180.4002 179.5551 178.8903 178.4292 178.2494 178.4704
197.756 198.1124 198.3725 198.4758 198.4085 197.9934 197.1238 195.9019 194.8071 194.1918 193.8874 193.5709 193.3043 193.0447 192.5432 191.6136 190.3086 189.5893 189.7187 189.9254 189.5583 188.8162 188.451 188.621 188.8141 188.4986 187.4163 185.9936 184.8584 184.3702 184.4761 184.8032 184.9201 184.7702 184.7293 185.1604 185.9833 186.8031 187.5942 188.4511 189.1659 189.6794 190.1936 190.6709 190.9678 191.1907 191.3988 191.5086 191.3442 190.8902 190.3743 189.9775 189.6023 188.952 187.9848 186.9903 186.038 184.8054 183.3997 182.0967 180.7934 179.702 178.8709 178.4292 178.474
198.4551 198.6636 198.939 199.0675 198.9469 198.5203 197.5719 196.148 195.0551 194.8356 195.0773 195.2596 195.1645 194.2947 192.7382 191.5673 191.3702 191.6752 192.0364 192.2989 192.2771 191.9764 191.6037 191.3933 191.3453 191.162 190.4825 189.3881 187.872 186.2049 185.0457 184.3987 183.9687 183.4385 182.8675 182.7057 183.2431 184.097 184.902 185.6331 186.3604 187.1423 187.9186 188.4948 188.8442 189.2252 189.7529 190.0731 189.916 189.5344 189.3246 189.1836 189.0005 188.6652 188.0559 187.2758 186.7504 185.9879 184.7458 183.3734 182.0346 180.7041 179.6653 178.9385 178.4836
199.3983 199.6078 199.7216 199.6188 199.3225 198.8203 198.1285 197.479 196.9777 196.6473 196.4773 196.2227 195.7383 194.8174 193.5737 192.6577 192.5999 192.8949 193.2125 193.452 193.3794 193.1386 192.864 192.7316 192.7105 192.5639 192.2759 191.8256 190.9882 189.6666 188.111 186.5671 185.4629 184.6289 183.6555 182.6386 181.925 181.8837 182.3254 182.89 183.5456 184.2597 184.9776 185.7857 186.7164 187.5751 188.2171 188.6043 188.6376 188.3568 188.0461 187.8044 187.5894 187.3215 186.9899 186.6451 186.2759 185.8511 185.077 183.9618 182.889 181.4746 180.2168 179.3668 178.6973
200.418 200.5051 200.4749 200.3601 200.1918 199.8229 199.0918 198.4794 198.3495 198.3725 197.9862 197.1565 195.93 194.853 194.3092 194.1246 194.2339 194.2593 194.1876 194.1893 194.1796 194.0518 193.8227 193.6144 193.4408 193.1939 192.8822 192.668 192.4559 191.9659 191.0737 189.8353 188.4571 187.1503 185.9851 184.8504 183.599 182.4173 181.6201 181.4115 181.7445 182.2969 182.8844 183.7499 184.9701 186.0978 186.8532 187.1934 187.2603 187.0889 186.6483 186.2197 185.9407 185.7074 185.3878 184.9906 184.577 184.2227 183.8858 183.387 182.6048 181.6868 180.6049 179.6345 179.0013
201.6177 201.6389 201.459 201.2258 201.0365 200.789 200.4917 200.1742 199.8086 199.3938 198.8959 198.0853 196.8384 195.612 195.0834 195.2914 195.5266 195.5249 195.4244 195.2853 195.0555 194.864 194.5979 194.2967 194.0585 193.8077 193.5043 193.285 193.0636 192.7437 192.458 192.1679 191.3772 190.1597 188.9648 187.8527 186.6895 185.1197 183.4358 182.1202 181.2715 181.1531 181.5033 182.2194 183.3219 184.5392 185.5931 186.0944 186.1192 185.8282 185.1544 184.4749 183.9039 183.3036 182.7385 182.4706 182.3757 182.316 182.229 182.0057 181.5334 180.9599 180.3332 179.7614 179.0519
203.782 203.9768 203.7613 203.3291 202.8812 202.4092 202.0396 201.6719 201.1917 200.6132 199.9289 199.0272 198.1988 197.6814 197.4408 197.3479 197.3245 197.2812 197.0978 196.7224 196.2248 195.7031 195.1304 194.6927 194.4336 194.1333 193.8737 193.6874 193.4293 193.3028 193.521 193.3189 193.0629 192.7638 192.0499 191.0451 189.8834 188.3069 186.3293 184.3659 182.7102 181.3775 180.5582 180.6319 181.5545 182.6731 183.4555 183.9107 184.0231 183.6888 183.074 182.4772 181.9215 181.4239 181.0343 180.7332 180.6062 180.494 180.3631 180.2949 180.2033 179.9478 179.6471 179.1726 178.3217
205.1906 205.3772 205.3546 205.1965 204.8531 204.3577 203.7153 203.0919 202.4915 201.8472 201.2103 200.6487 200.1607 199.8098 199.5749 199.3154 199.0349 198.7588 198.5359 198.1924 197.475 196.556 195.6533 194.9998 194.6253 194.313 193.9527 193.6773 193.708 193.9297 194.0423 194.1484 194.1806 193.9544 193.49 192.9422 192.171 191.0019 189.3107 187.1485 184.8394 182.8239 180.802 179.3871 179.4203 180.3837 181.198 181.5902 181.6572 181.4478 181.067 180.6037 180.1182 179.6983 179.4162 179.2567 179.1696 179.1496 179.1204 179.0583 179.0542 179.0203 178.8381 178.3081 177.559
